2858 3424
1 2 18
2 3 2
2 4 4
3 2735 3
4 5 6
5 7 4
6 7 2
7 8 18
8 9 2
9 10 22
10 12 2
10 24 4
0 11 2
12 13 28
13 14 2
14 15 22
15 16 2
15 28 4
16 17 18
17 18 2
17 19 4
18 2020 3
19 20 6
20 11 4
21 23 6
11 22 18
23 14 4
24 25 6
25 34 4
26 27 11
27 689 4
28 29 11
29 66 4
22 30 2
30 31 22
31 21 4
31 32 2
32 33 28
33 34 2
34 35 22
35 1 2
35 26 4
37 38 18
38 39 2
38 40 4
39 2745 3
40 41 6
41 43 4
42 43 2
43 44 18
44 45 2
45 46 22
46 48 2
46 60 4
36 47 2
48 49 28
49 50 2
50 51 22
51 52 2
51 64 4
52 53 18
53 54 2
53 55 4
54 2011 3
55 56 6
56 47 4
57 59 6
47 58 18
59 50 4
60 61 6
61 70 4
62 63 11
63 9 4
64 65 11
65 102 4
58 66 2
66 67 22
67 57 4
67 68 2
68 69 28
69 70 2
70 71 22
71 37 2
71 62 4
73 74 18
74 75 2
74 76 4
75 2755 3
76 77 6
77 79 4
78 79 2
79 80 18
80 81 2
81 82 22
82 84 2
82 96 4
72 83 2
84 85 28
85 86 2
86 87 22
87 88 2
87 100 4
88 89 18
89 90 2
89 91 4
90 2002 3
91 92 6
92 83 4
93 95 6
83 94 18
95 86 4
96 97 6
97 106 4
98 99 11
99 45 4
100 101 11
101 138 4
94 102 2
102 103 22
103 93 4
103 104 2
104 105 28
105 106 2
106 107 22
107 73 2
107 98 4
109 110 18
110 111 2
110 112 4
111 2765 3
112 113 6
113 115 4
114 115 2
115 116 18
116 117 2
117 118 22
118 120 2
118 132 4
108 119 2
120 121 28
121 122 2
122 123 22
123 124 2
123 136 4
124 125 18
125 126 2
125 127 4
126 1993 3
127 128 6
128 119 4
129 131 6
119 130 18
131 122 4
132 133 6
133 142 4
134 135 11
135 81 4
136 137 11
137 174 4
130 138 2
138 139 22
139 129 4
139 140 2
140 141 28
141 142 2
142 143 22
143 109 2
143 134 4
145 146 18
146 147 2
146 148 4
147 2431 3
148 149 6
149 151 4
150 151 2
151 152 18
152 153 2
153 154 22
154 156 2
154 168 4
144 155 2
156 157 28
157 158 2
158 159 22
159 160 2
159 172 4
160 161 18
161 162 2
161 163 4
162 1985 3
163 164 6
164 155 4
165 167 6
155 166 18
167 158 4
168 169 6
169 178 4
170 171 11
171 117 4
172 173 11
173 210 4
166 174 2
174 175 22
175 165 4
175 176 2
176 177 28
177 178 2
178 179 22
179 145 2
179 170 4
181 182 18
182 183 2
182 184 4
183 2530 3
184 185 6
185 187 4
186 187 2
187 188 18
188 189 2
189 190 22
190 192 2
190 204 4
180 191 2
192 193 28
193 194 2
194 195 22
195 196 2
195 208 4
196 197 18
197 198 2
197 199 4
198 1976 3
199 200 6
200 191 4
201 203 6
191 202 18
203 194 4
204 205 6
205 214 4
206 207 11
207 153 4
208 209 11
209 246 4
202 210 2
210 211 22
211 201 4
211 212 2
212 213 28
213 214 2
214 215 22
215 181 2
215 206 4
217 218 18
218 219 2
218 220 4
219 2630 3
220 221 6
221 223 4
222 223 2
223 224 18
224 225 2
225 226 22
226 228 2
226 240 4
216 227 2
228 229 28
229 230 2
230 231 22
231 232 2
231 244 4
232 233 18
233 234 2
233 235 4
234 1966 3
235 236 6
236 227 4
237 239 6
227 238 18
239 230 4
240 241 6
241 250 4
242 243 11
243 189 4
244 245 11
245 282 4
238 246 2
246 247 22
247 237 4
247 248 2
248 249 28
249 250 2
250 251 22
251 217 2
251 242 4
253 254 18
254 255 2
254 256 4
255 2730 3
256 257 6
257 259 4
258 259 2
259 260 18
260 261 2
261 262 22
262 264 2
262 276 4
252 263 2
264 265 28
265 266 2
266 267 22
267 268 2
267 280 4
268 269 18
269 270 2
269 271 4
270 1957 3
271 272 6
272 263 4
273 275 6
263 274 18
275 266 4
276 277 6
277 286 4
278 279 11
279 225 4
280 281 11
281 318 4
274 282 2
282 283 22
283 273 4
283 284 2
284 285 28
285 286 2
286 287 22
287 253 2
287 278 4
289 290 18
290 291 2
290 292 4
291 2798 3
292 293 6
293 295 4
294 295 2
295 296 18
296 297 2
297 298 22
298 300 2
298 312 4
288 299 2
300 301 28
301 302 2
302 303 22
303 304 2
303 316 4
304 305 18
305 306 2
305 307 4
306 1948 3
307 308 6
308 299 4
309 311 6
299 310 18
311 302 4
312 313 6
313 322 4
314 315 11
315 261 4
316 317 11
317 354 4
310 318 2
318 319 22
319 309 4
319 320 2
320 321 28
321 322 2
322 323 22
323 289 2
323 314 4
325 326 18
326 327 2
326 328 4
327 2808 3
328 329 6
329 331 4
330 331 2
331 332 18
332 333 2
333 334 22
334 336 2
334 348 4
324 335 2
336 337 28
337 338 2
338 339 22
339 340 2
339 352 4
340 341 18
341 342 2
341 343 4
342 1940 3
343 344 6
344 335 4
345 347 6
335 346 18
347 338 4
348 349 6
349 358 4
350 351 11
351 297 4
352 353 11
353 422 4
346 354 2
354 355 22
355 345 4
355 356 2
356 357 28
357 358 2
358 359 22
359 325 2
359 350 4
361 362 18
362 363 2
362 364 4
363 2551 3
364 365 6
365 367 4
366 367 2
367 368 18
368 369 2
369 370 22
370 372 2
370 384 4
360 371 2
372 373 28
373 374 2
374 375 22
375 376 2
375 386 4
376 377 18
377 378 2
377 379 4
378 2100 3
379 380 6
380 371 4
381 383 6
371 382 18
383 374 4
384 385 6
385 392 4
386 387 11
387 458 4
382 388 2
388 389 22
389 381 4
389 390 2
390 391 28
391 392 2
392 393 22
393 361 2
395 396 18
396 397 2
396 398 4
397 2818 3
398 399 6
399 401 4
400 401 2
401 402 18
402 403 2
403 404 22
404 406 2
404 418 4
394 405 2
406 407 28
407 408 2
408 409 22
409 410 2
410 411 18
411 412 2
411 413 4
412 1931 3
413 414 6
414 405 4
415 417 6
405 416 18
417 408 4
418 419 6
419 426 4
420 421 11
421 333 4
416 422 2
422 423 22
423 415 4
423 424 2
424 425 28
425 426 2
426 427 22
427 395 2
427 420 4
429 430 18
430 431 2
430 432 4
431 2464 3
432 433 6
433 435 4
434 435 2
435 436 18
436 437 2
437 438 22
438 440 2
438 452 4
428 439 2
440 441 28
441 442 2
442 443 22
443 444 2
443 456 4
444 445 18
445 446 2
445 447 4
446 2091 3
447 448 6
448 439 4
449 451 6
439 450 18
451 442 4
452 453 6
453 462 4
454 455 11
455 369 4
456 457 11
457 494 4
450 458 2
458 459 22
459 449 4
459 460 2
460 461 28
461 462 2
462 463 22
463 429 2
463 454 4
465 466 18
466 467 2
466 468 4
467 2433 3
468 469 6
469 471 4
470 471 2
471 472 18
472 473 2
473 474 22
474 476 2
474 488 4
464 475 2
476 477 28
477 478 2
478 479 22
479 480 2
479 492 4
480 481 18
481 482 2
481 483 4
482 2081 3
483 484 6
484 475 4
485 487 6
475 486 18
487 478 4
488 489 6
489 498 4
490 491 11
491 437 4
492 493 11
493 530 4
486 494 2
494 495 22
495 485 4
495 496 2
496 497 28
497 498 2
498 499 22
499 465 2
499 490 4
501 502 18
502 503 2
502 504 4
503 2523 3
504 505 6
505 507 4
506 507 2
507 508 18
508 509 2
509 510 22
510 512 2
510 524 4
500 511 2
512 513 28
513 514 2
514 515 22
515 516 2
515 528 4
516 517 18
517 518 2
517 519 4
518 2073 3
519 520 6
520 511 4
521 523 6
511 522 18
523 514 4
524 525 6
525 534 4
526 527 11
527 473 4
528 529 11
529 566 4
522 530 2
530 531 22
531 521 4
531 532 2
532 533 28
533 534 2
534 535 22
535 501 2
535 526 4
537 538 18
538 539 2
538 540 4
539 2600 3
540 541 6
541 543 4
542 543 2
543 544 18
544 545 2
545 546 22
546 548 2
546 560 4
536 547 2
548 549 28
549 550 2
550 551 22
551 552 2
551 564 4
552 553 18
553 554 2
553 555 4
554 2064 3
555 556 6
556 547 4
557 559 6
547 558 18
559 550 4
560 561 6
561 570 4
562 563 11
563 509 4
564 565 11
565 602 4
558 566 2
566 567 22
567 557 4
567 568 2
568 569 28
569 570 2
570 571 22
571 537 2
571 562 4
573 574 18
574 575 2
574 576 4
575 2676 3
576 577 6
577 579 4
578 579 2
579 580 18
580 581 2
581 582 22
582 584 2
582 596 4
572 583 2
584 585 28
585 586 2
586 587 22
587 588 2
587 600 4
588 589 18
589 590 2
589 591 4
590 2055 3
591 592 6
592 583 4
593 595 6
583 594 18
595 586 4
596 597 6
597 606 4
598 599 11
599 545 4
600 601 11
601 638 4
594 602 2
602 603 22
603 593 4
603 604 2
604 605 28
605 606 2
606 607 22
607 573 2
607 598 4
609 610 18
610 611 2
610 612 4
611 2706 3
612 613 6
613 615 4
614 615 2
615 616 18
616 617 2
617 618 22
618 620 2
618 632 4
608 619 2
620 621 28
621 622 2
622 623 22
623 624 2
623 636 4
624 625 18
625 626 2
625 627 4
626 2046 3
627 628 6
628 619 4
629 631 6
619 630 18
631 622 4
632 633 6
633 642 4
634 635 11
635 581 4
636 637 11
637 674 4
630 638 2
638 639 22
639 629 4
639 640 2
640 641 28
641 642 2
642 643 22
643 609 2
643 634 4
645 646 18
646 647 2
646 648 4
647 2715 3
648 649 6
649 651 4
650 651 2
651 652 18
652 653 2
653 654 22
654 656 2
654 668 4
644 655 2
656 657 28
657 658 2
658 659 22
659 660 2
659 672 4
660 661 18
661 662 2
661 663 4
662 2037 3
663 664 6
664 655 4
665 667 6
655 666 18
667 658 4
668 669 6
669 678 4
670 671 11
671 617 4
672 673 11
673 710 4
666 674 2
674 675 22
675 665 4
675 676 2
676 677 28
677 678 2
678 679 22
679 645 2
679 670 4
681 682 18
682 683 2
682 684 4
683 2725 3
684 685 6
685 687 4
686 687 2
687 688 18
688 689 2
689 690 22
690 692 2
690 704 4
680 691 2
692 693 28
693 694 2
694 695 22
695 696 2
695 708 4
696 697 18
697 698 2
697 699 4
698 2029 3
699 700 6
700 691 4
701 703 6
691 702 18
703 694 4
704 705 6
705 714 4
706 707 11
707 653 4
708 709 11
709 30 4
702 710 2
710 711 22
711 701 4
711 712 2
712 713 28
713 714 2
714 715 22
715 681 2
715 706 4
717 718 18
718 719 2
718 720 4
719 2403 3
720 721 6
721 723 4
722 723 2
723 724 18
724 725 2
725 726 22
726 728 2
726 740 4
716 727 2
728 729 28
729 730 2
730 731 22
731 732 2
731 744 4
732 733 18
733 734 2
733 735 4
734 1830 3
735 736 6
736 727 4
737 739 6
727 738 18
739 730 4
740 741 6
741 750 4
742 743 11
743 1405 4
744 745 11
745 782 4
738 746 2
746 747 22
747 737 4
747 748 2
748 749 28
749 750 2
750 751 22
751 717 2
751 742 4
753 754 18
754 755 2
754 756 4
755 2412 3
756 757 6
757 759 4
758 759 2
759 760 18
760 761 2
761 762 22
762 764 2
762 776 4
752 763 2
764 765 28
765 766 2
766 767 22
767 768 2
767 780 4
768 769 18
769 770 2
769 771 4
770 1820 3
771 772 6
772 763 4
773 775 6
763 774 18
775 766 4
776 777 6
777 786 4
778 779 11
779 725 4
780 781 11
781 818 4
774 782 2
782 783 22
783 773 4
783 784 2
784 785 28
785 786 2
786 787 22
787 753 2
787 778 4
789 790 18
790 791 2
790 792 4
791 2421 3
792 793 6
793 795 4
794 795 2
795 796 18
796 797 2
797 798 22
798 800 2
798 812 4
788 799 2
800 801 28
801 802 2
802 803 22
803 804 2
803 816 4
804 805 18
805 806 2
805 807 4
806 1810 3
807 808 6
808 799 4
809 811 6
799 810 18
811 802 4
812 813 6
813 822 4
814 815 11
815 761 4
816 817 11
817 854 4
810 818 2
818 819 22
819 809 4
819 820 2
820 821 28
821 822 2
822 823 22
823 789 2
823 814 4
825 826 18
826 827 2
826 828 4
827 2429 3
828 829 6
829 831 4
830 831 2
831 832 18
832 833 2
833 834 22
834 836 2
834 848 4
824 835 2
836 837 28
837 838 2
838 839 22
839 840 2
839 852 4
840 841 18
841 842 2
841 843 4
842 1800 3
843 844 6
844 835 4
845 847 6
835 846 18
847 838 4
848 849 6
849 858 4
850 851 11
851 797 4
852 853 11
853 890 4
846 854 2
854 855 22
855 845 4
855 856 2
856 857 28
857 858 2
858 859 22
859 825 2
859 850 4
861 862 18
862 863 2
862 864 4
863 1869 3
864 865 6
865 867 4
866 867 2
867 868 18
868 869 2
869 870 22
870 872 2
870 884 4
860 871 2
872 873 28
873 874 2
874 875 22
875 876 2
875 888 4
876 877 18
877 878 2
877 879 4
878 1732 3
879 880 6
880 871 4
881 883 6
871 882 18
883 874 4
884 885 6
885 894 4
886 887 11
887 833 4
888 889 11
889 926 4
882 890 2
890 891 22
891 881 4
891 892 2
892 893 28
893 894 2
894 895 22
895 861 2
895 886 4
897 898 18
898 899 2
898 900 4
899 1878 3
900 901 6
901 903 4
902 903 2
903 904 18
904 905 2
905 906 22
906 908 2
906 920 4
896 907 2
908 909 28
909 910 2
910 911 22
911 912 2
911 924 4
912 913 18
913 914 2
913 915 4
914 1632 3
915 916 6
916 907 4
917 919 6
907 918 18
919 910 4
920 921 6
921 930 4
922 923 11
923 869 4
924 925 11
925 962 4
918 926 2
926 927 22
927 917 4
927 928 2
928 929 28
929 930 2
930 931 22
931 897 2
931 922 4
933 934 18
934 935 2
934 936 4
935 1887 3
936 937 6
937 939 4
938 939 2
939 940 18
940 941 2
941 942 22
942 944 2
942 956 4
932 943 2
944 945 28
945 946 2
946 947 22
947 948 2
947 960 4
948 949 18
949 950 2
949 951 4
950 1532 3
951 952 6
952 943 4
953 955 6
943 954 18
955 946 4
956 957 6
957 966 4
958 959 11
959 905 4
960 961 11
961 998 4
954 962 2
962 963 22
963 953 4
963 964 2
964 965 28
965 966 2
966 967 22
967 933 2
967 958 4
969 970 18
970 971 2
970 972 4
971 1896 3
972 973 6
973 975 4
974 975 2
975 976 18
976 977 2
977 978 22
978 980 2
978 992 4
968 979 2
980 981 28
981 982 2
982 983 22
983 984 2
983 996 4
984 985 18
985 986 2
985 987 4
986 1433 3
987 988 6
988 979 4
989 991 6
979 990 18
991 982 4
992 993 6
993 1002 4
994 995 11
995 941 4
996 997 11
997 1034 4
990 998 2
998 999 22
999 989 4
999 1000 2
1000 1001 28
1001 1002 2
1002 1003 22
1003 969 2
1003 994 4
1005 1006 18
1006 1007 2
1006 1008 4
1007 1904 3
1008 1009 6
1009 1011 4
1010 1011 2
1011 1012 18
1012 1013 2
1013 1014 22
1014 1016 2
1014 1028 4
1004 1015 2
1016 1017 28
1017 1018 2
1018 1019 22
1019 1020 2
1019 1032 4
1020 1021 18
1021 1022 2
1021 1023 4
1022 1767 3
1023 1024 6
1024 1015 4
1025 1027 6
1015 1026 18
1027 1018 4
1028 1029 6
1029 1038 4
1030 1031 11
1031 977 4
1032 1033 11
1033 1070 4
1026 1034 2
1034 1035 22
1035 1025 4
1035 1036 2
1036 1037 28
1037 1038 2
1038 1039 22
1039 1005 2
1039 1030 4
1041 1042 18
1042 1043 2
1042 1044 4
1043 1913 3
1044 1045 6
1045 1047 4
1046 1047 2
1047 1048 18
1048 1049 2
1049 1050 22
1050 1052 2
1050 1064 4
1040 1051 2
1052 1053 28
1053 1054 2
1054 1055 22
1055 1056 2
1055 1068 4
1056 1057 18
1057 1058 2
1057 1059 4
1058 1757 3
1059 1060 6
1060 1051 4
1061 1063 6
1051 1062 18
1063 1054 4
1064 1065 6
1065 1074 4
1066 1067 11
1067 1013 4
1068 1069 11
1069 1138 4
1062 1070 2
1070 1071 22
1071 1061 4
1071 1072 2
1072 1073 28
1073 1074 2
1074 1075 22
1075 1041 2
1075 1066 4
1077 1078 18
1078 1079 2
1078 1080 4
1079 2082 3
1080 1081 6
1081 1083 4
1082 1083 2
1083 1084 18
1084 1085 2
1085 1086 22
1086 1088 2
1086 1100 4
1076 1087 2
1088 1089 28
1089 1090 2
1090 1091 22
1091 1092 2
1091 1102 4
1092 1093 18
1093 1094 2
1093 1095 4
1094 1491 3
1095 1096 6
1096 1087 4
1097 1099 6
1087 1098 18
1099 1090 4
1100 1101 6
1101 1108 4
1102 1103 11
1103 1174 4
1098 1104 2
1104 1105 22
1105 1097 4
1105 1106 2
1106 1107 28
1107 1108 2
1108 1109 22
1109 1077 2
1111 1112 18
1112 1113 2
1112 1114 4
1113 1922 3
1114 1115 6
1115 1117 4
1116 1117 2
1117 1118 18
1118 1119 2
1119 1120 22
1120 1122 2
1120 1134 4
1110 1121 2
1122 1123 28
1123 1124 2
1124 1125 22
1125 1126 2
1126 1127 18
1127 1128 2
1127 1129 4
1128 1747 3
1129 1130 6
1130 1121 4
1131 1133 6
1121 1132 18
1133 1124 4
1134 1135 6
1135 1142 4
1136 1137 11
1137 1049 4
1132 1138 2
1138 1139 22
1139 1131 4
1139 1140 2
1140 1141 28
1141 1142 2
1142 1143 22
1143 1111 2
1143 1136 4
1145 1146 18
1146 1147 2
1146 1148 4
1147 1872 3
1148 1149 6
1149 1151 4
1150 1151 2
1151 1152 18
1152 1153 2
1153 1154 22
1154 1156 2
1154 1168 4
1144 1155 2
1156 1157 28
1157 1158 2
1158 1159 22
1159 1160 2
1159 1172 4
1160 1161 18
1161 1162 2
1161 1163 4
1162 1481 3
1163 1164 6
1164 1155 4
1165 1167 6
1155 1166 18
1167 1158 4
1168 1169 6
1169 1178 4
1170 1171 11
1171 1085 4
1172 1173 11
1173 1210 4
1166 1174 2
1174 1175 22
1175 1165 4
1175 1176 2
1176 1177 28
1177 1178 2
1178 1179 22
1179 1145 2
1179 1170 4
1181 1182 18
1182 1183 2
1182 1184 4
1183 1960 3
1184 1185 6
1185 1187 4
1186 1187 2
1187 1188 18
1188 1189 2
1189 1190 22
1190 1192 2
1190 1204 4
1180 1191 2
1192 1193 28
1193 1194 2
1194 1195 22
1195 1196 2
1195 1208 4
1196 1197 18
1197 1198 2
1197 1199 4
1198 1471 3
1199 1200 6
1200 1191 4
1201 1203 6
1191 1202 18
1203 1194 4
1204 1205 6
1205 1214 4
1206 1207 11
1207 1153 4
1208 1209 11
1209 1246 4
1202 1210 2
1210 1211 22
1211 1201 4
1211 1212 2
1212 1213 28
1213 1214 2
1214 1215 22
1215 1181 2
1215 1206 4
1217 1218 18
1218 1219 2
1218 1220 4
1219 2049 3
1220 1221 6
1221 1223 4
1222 1223 2
1223 1224 18
1224 1225 2
1225 1226 22
1226 1228 2
1226 1240 4
1216 1227 2
1228 1229 28
1229 1230 2
1230 1231 22
1231 1232 2
1231 1244 4
1232 1233 18
1233 1234 2
1233 1235 4
1234 1462 3
1235 1236 6
1236 1227 4
1237 1239 6
1227 1238 18
1239 1230 4
1240 1241 6
1241 1250 4
1242 1243 11
1243 1189 4
1244 1245 11
1245 1282 4
1238 1246 2
1246 1247 22
1247 1237 4
1247 1248 2
1248 1249 28
1249 1250 2
1250 1251 22
1251 1217 2
1251 1242 4
1253 1254 18
1254 1255 2
1254 1256 4
1255 2138 3
1256 1257 6
1257 1259 4
1258 1259 2
1259 1260 18
1260 1261 2
1261 1262 22
1262 1264 2
1262 1276 4
1252 1263 2
1264 1265 28
1265 1266 2
1266 1267 22
1267 1268 2
1267 1280 4
1268 1269 18
1269 1270 2
1269 1271 4
1270 1452 3
1271 1272 6
1272 1263 4
1273 1275 6
1263 1274 18
1275 1266 4
1276 1277 6
1277 1286 4
1278 1279 11
1279 1225 4
1280 1281 11
1281 1318 4
1274 1282 2
1282 1283 22
1283 1273 4
1283 1284 2
1284 1285 28
1285 1286 2
1286 1287 22
1287 1253 2
1287 1278 4
1289 1290 18
1290 1291 2
1290 1292 4
1291 2227 3
1292 1293 6
1293 1295 4
1294 1295 2
1295 1296 18
1296 1297 2
1297 1298 22
1298 1300 2
1298 1312 4
1288 1299 2
1300 1301 28
1301 1302 2
1302 1303 22
1303 1304 2
1303 1316 4
1304 1305 18
1305 1306 2
1305 1307 4
1306 1441 3
1307 1308 6
1308 1299 4
1309 1311 6
1299 1310 18
1311 1302 4
1312 1313 6
1313 1322 4
1314 1315 11
1315 1261 4
1316 1317 11
1317 1354 4
1310 1318 2
1318 1319 22
1319 1309 4
1319 1320 2
1320 1321 28
1321 1322 2
1322 1323 22
1323 1289 2
1323 1314 4
1325 1326 18
1326 1327 2
1326 1328 4
1327 2316 3
1328 1329 6
1329 1331 4
1330 1331 2
1331 1332 18
1332 1333 2
1333 1334 22
1334 1336 2
1334 1348 4
1324 1335 2
1336 1337 28
1337 1338 2
1338 1339 22
1339 1340 2
1339 1352 4
1340 1341 18
1341 1342 2
1341 1343 4
1342 1858 3
1343 1344 6
1344 1335 4
1345 1347 6
1335 1346 18
1347 1338 4
1348 1349 6
1349 1358 4
1350 1351 11
1351 1297 4
1352 1353 11
1353 1390 4
1346 1354 2
1354 1355 22
1355 1345 4
1355 1356 2
1356 1357 28
1357 1358 2
1358 1359 22
1359 1325 2
1359 1350 4
1361 1362 18
1362 1363 2
1362 1364 4
1363 2385 3
1364 1365 6
1365 1367 4
1366 1367 2
1367 1368 18
1368 1369 2
1369 1370 22
1370 1372 2
1370 1384 4
1360 1371 2
1372 1373 28
1373 1374 2
1374 1375 22
1375 1376 2
1375 1388 4
1376 1377 18
1377 1378 2
1377 1379 4
1378 1848 3
1379 1380 6
1380 1371 4
1381 1383 6
1371 1382 18
1383 1374 4
1384 1385 6
1385 1394 4
1386 1387 11
1387 1333 4
1388 1389 11
1389 1426 4
1382 1390 2
1390 1391 22
1391 1381 4
1391 1392 2
1392 1393 28
1393 1394 2
1394 1395 22
1395 1361 2
1395 1386 4
1397 1398 18
1398 1399 2
1398 1400 4
1399 2394 3
1400 1401 6
1401 1403 4
1402 1403 2
1403 1404 18
1404 1405 2
1405 1406 22
1406 1408 2
1406 1420 4
1396 1407 2
1408 1409 28
1409 1410 2
1410 1411 22
1411 1412 2
1411 1424 4
1412 1413 18
1413 1414 2
1413 1415 4
1414 1840 3
1415 1416 6
1416 1407 4
1417 1419 6
1407 1418 18
1419 1410 4
1420 1421 6
1421 1430 4
1422 1423 11
1423 1369 4
1424 1425 11
1425 746 4
1418 1426 2
1426 1427 22
1427 1417 4
1427 1428 2
1428 1429 28
1429 1430 2
1430 1431 22
1431 1397 2
1431 1422 4
1434 1859 14
1435 1850 23
1436 1434 2
1436 1324 3
1437 1436 2
1438 1437 2
1439 1438 3
1440 1439 2
1440 1672 3
1441 1440 2
1442 1441 2
1443 1442 14
1433 1849 2
1445 1443 2
1445 1288 3
1446 1445 2
1447 1432 2
1448 1435 2
1449 1446 2
1450 1449 3
1451 1450 2
1451 1676 3
1452 1451 2
1453 1452 2
1454 1453 14
1444 1433 2
1456 1454 2
1456 1252 3
1457 1456 2
1458 1457 2
1459 1458 3
1460 1448 3
1461 1459 2
1461 1682 3
1462 1461 2
1463 1462 2
1464 1463 14
1465 1464 2
1465 1216 3
1455 1444 14
1467 1465 2
1468 1467 2
1469 1468 3
1470 1469 2
1470 1687 3
1471 1470 2
1472 1460 2
1472 1523 3
1473 1471 2
1474 1473 14
1475 1474 2
1475 1180 3
1476 1475 2
1466 1543 23
1478 1476 2
1479 1478 3
1480 1479 2
1480 1692 3
1481 1480 2
1482 1481 2
1483 1482 14
1484 1472 23
1485 1483 2
1485 1144 3
1486 1485 2
1487 1486 2
1477 1455 2
1477 968 3
1489 1487 3
1490 1489 2
1490 1697 3
1491 1490 2
1492 1491 2
1493 1492 14
1494 1493 2
1494 1076 3
1495 1494 2
1496 1484 2
1497 1495 2
1498 1701 2
1488 1477 2
1500 1498 2
1501 1500 14
1502 1501 2
1502 1553 3
1503 1502 3
1504 1503 2
1505 1504 23
1506 1496 3
1507 1505 2
1507 1730 3
1508 1507 3
1509 1508 2
1499 1488 2
1511 1509 23
1512 1466 3
1512 1511 2
1513 1512 3
1514 1513 2
1515 1506 2
1515 1528 3
1516 1514 23
1517 1516 2
1517 1813 3
1518 1517 3
1519 1518 2
1520 1519 23
1510 1499 3
1522 1435 3
1522 1520 2
1523 1522 3
1524 1523 2
1525 1515 23
1526 1524 23
1527 1484 3
1527 1526 2
1528 1527 3
1529 1528 2
1530 1529 23
1531 1525 3
1531 1530 2
1521 1510 2
1521 1619 3
1533 1531 3
1534 1533 2
1535 1525 2
1536 1534 23
1537 1536 2
1537 1563 3
1538 1537 3
1539 1538 2
1540 1539 23
1541 1540 2
1541 1602 3
1542 1541 3
1532 1521 2
1432 1497 6
1545 1535 3
1546 1542 2
1547 1546 23
1548 1547 2
1548 1638 3
1549 1548 3
1550 1549 2
1551 1550 23
1552 1551 2
1552 1678 3
1553 1768 2
1554 1533 3
1554 1545 2
1544 1532 2
1556 1552 3
1557 1556 2
1558 1557 23
1559 1558 2
1559 1703 3
1560 1559 3
1561 1560 2
1562 1561 23
1563 1554 23
1564 1562 2
1564 1708 3
1565 1564 3
1555 1544 14
1567 1565 2
1568 1567 23
1569 1568 2
1569 1713 3
1570 1569 3
1571 1570 2
1572 1563 2
1573 1571 23
1574 1573 2
1574 1717 3
1575 1574 3
1576 1575 2
1566 1555 2
1566 932 3
1578 1576 23
1579 1578 2
1579 1723 3
1580 1579 3
1581 1580 2
1582 1572 3
1583 1581 23
1584 1583 2
1584 1727 3
1585 1584 3
1586 1585 2
1587 1586 23
1577 1566 2
1589 1587 2
1589 1733 3
1590 1589 3
1591 1538 3
1591 1582 2
1592 1590 2
1593 1592 23
1594 1593 2
1594 1737 3
1595 1594 3
1596 1595 2
1597 1596 14
1598 1597 2
1588 1466 2
1600 1598 2
1601 1600 2
1602 1591 23
1603 1601 14
1604 1603 2
1604 1751 3
1605 1604 3
1606 1605 2
1607 1606 23
1608 1607 2
1608 1761 3
1609 1608 3
1599 1577 2
1611 1609 2
1612 1602 2
1613 1611 23
1614 1613 2
1614 1816 3
1615 1614 3
1616 1615 2
1617 1616 23
1618 1488 3
1618 1617 2
1619 1618 3
1620 1612 3
1610 1599 3
1622 1619 2
1623 1622 23
1624 1577 3
1624 1623 2
1625 1624 3
1626 1625 2
1627 1626 23
1628 1627 2
1628 1677 3
1629 1542 3
1629 1620 2
1630 1628 3
1631 1630 2
1621 1610 2
1621 1625 3
1633 1631 23
1634 1633 2
1634 1777 3
1635 1634 3
1636 1635 2
1637 1636 23
1638 1629 23
1639 1637 2
1639 1806 3
1640 1639 3
1641 1640 2
1642 1641 23
1632 1621 2
1644 1642 2
1644 1815 3
1645 1644 3
1646 1645 2
1647 1553 2
1648 1638 2
1649 1646 23
1650 1649 2
1650 1824 3
1651 1650 3
1652 1651 2
1653 1652 23
1643 1632 2
1543 1508 3
1543 1755 2
1656 1653 2
1656 1834 3
1657 1656 3
1658 1657 2
1659 1648 3
1660 1658 23
1661 1660 2
1661 1844 3
1662 1661 3
1663 1662 2
1664 1663 23
1665 1664 2
1665 1854 3
1655 1643 14
1667 1665 3
1668 1667 2
1669 1549 3
1669 1659 2
1670 1668 23
1671 1437 3
1671 1670 2
1672 1671 3
1673 1672 2
1674 1673 23
1675 1446 3
1675 1674 2
1676 1675 3
1666 1655 2
1666 896 3
1678 1669 23
1679 1676 2
1680 1679 23
1681 1457 3
1681 1680 2
1682 1681 3
1683 1682 2
1684 1683 23
1685 1467 3
1685 1684 2
1686 1678 2
1687 1685 3
1677 1666 2
1689 1687 2
1690 1689 23
1691 1476 3
1691 1690 2
1692 1691 3
1693 1692 2
1694 1693 23
1695 1686 3
1696 1486 3
1696 1694 2
1697 1696 3
1698 1697 2
1688 1677 2
1700 1698 14
1701 1700 2
1702 1556 3
1702 1695 2
1703 1702 23
1704 1703 2
1705 1704 3
1706 1647 3
1707 1560 3
1707 1705 2
1708 1707 23
1709 1708 2
1699 1688 3
1711 1709 3
1712 1565 3
1712 1711 2
1713 1712 23
1714 1713 2
1715 1714 3
1716 1570 3
1716 1715 2
1717 1716 23
1718 1503 3
1718 1706 2
1719 1717 2
1720 1719 3
1710 1588 3
1722 1575 3
1722 1720 2
1723 1722 23
1724 1723 2
1725 1724 3
1726 1580 3
1726 1725 2
1727 1726 23
1728 1727 2
1729 1728 3
1730 1718 23
1731 1585 3
1731 1729 2
1721 1630 3
1721 1699 2
1733 1731 23
1734 1733 2
1735 1734 3
1736 1590 3
1736 1735 2
1737 1736 23
1738 1737 2
1739 1738 3
1740 1595 3
1740 1739 2
1741 1783 2
1742 1730 2
1732 1721 2
1744 1741 2
1745 1744 6
1746 1745 2
1747 1746 2
1748 1747 2
1749 1748 14
1750 1749 2
1750 1110 3
1751 1750 2
1752 1751 2
1753 1752 3
1743 1732 2
1755 1742 3
1756 1605 3
1756 1753 2
1757 1756 2
1758 1757 2
1759 1758 14
1760 1759 2
1760 1040 3
1761 1760 2
1762 1761 2
1763 1762 3
1764 1609 3
1764 1763 2
1754 1743 14
1654 1767 2
1767 1764 2
1768 1769 3
1768 1781 2
1769 1770 3
1770 1771 3
1771 1772 5
1772 1773 3
1773 1774 18
1774 1775 3
1775 1776 5
1776 1778 3
1766 1754 2
1766 860 3
1778 1779 3
1779 1780 3
1780 1447 2
1781 1782 13
1782 1780 2
1783 1784 3
1783 1796 2
1784 1785 3
1785 1786 3
1786 1787 5
1787 1789 3
1777 1766 2
1789 1790 18
1790 1791 3
1791 1792 5
1792 1793 3
1793 1794 3
1794 1795 3
1795 1740 2
1796 1797 13
1797 1795 2
1788 1777 2
1798 1788 3
1799 1635 3
1799 1798 2
1800 1799 2
1801 1513 3
1801 1710 2
1802 1800 2
1803 1802 14
1804 1803 2
1804 824 3
1765 1654 14
1806 1804 2
1807 1806 2
1808 1807 3
1809 1640 3
1809 1808 2
1810 1809 2
1811 1810 2
1812 1811 14
1813 1801 23
1814 1812 2
1814 788 3
1815 1814 2
1805 1765 2
1805 1004 3
1817 1815 2
1818 1817 3
1819 1645 3
1819 1818 2
1820 1819 2
1821 1820 2
1822 1821 14
1823 1822 2
1823 752 3
1824 1823 2
1825 1813 2
1826 1824 2
1816 1805 2
1828 1826 3
1829 1651 3
1829 1828 2
1830 1829 2
1831 1830 2
1832 1831 14
1833 1832 2
1833 716 3
1834 1833 2
1835 1834 2
1836 1835 3
1837 1825 3
1827 1816 2
1839 1657 3
1839 1836 2
1840 1839 2
1841 1840 2
1842 1841 14
1843 1842 2
1843 1396 3
1844 1843 2
1845 1844 2
1846 1845 3
1847 1662 3
1847 1846 2
1848 1847 2
1838 1827 3
1850 1518 3
1850 1837 2
1851 1848 2
1852 1851 14
1853 1852 2
1853 1360 3
1854 1853 2
1855 1854 2
1856 1855 3
1857 1667 3
1857 1856 2
1858 1857 2
1859 1858 2
1849 1615 3
1849 1838 2
1862 2429 2
1863 1862 14
1864 1863 2
1864 830 3
1865 1864 2
1866 1865 2
1867 1866 3
1868 1867 2
1868 2184 3
1869 1868 2
1870 1869 2
1871 1870 14
1861 2111 3
1861 2419 2
1873 1871 2
1873 866 3
1874 1873 2
1875 1874 2
1876 1875 3
1877 1876 2
1877 2190 3
1878 1877 2
1879 1878 2
1880 1879 14
1881 1880 2
1881 902 3
1882 1881 2
1872 1861 2
1884 1882 2
1885 1884 3
1886 1885 2
1886 2197 3
1887 1886 2
1888 1887 2
1889 1888 14
1890 1889 2
1890 938 3
1891 1890 2
1892 1891 2
1893 1892 3
1883 1872 2
1895 1893 2
1895 2203 3
1896 1895 2
1897 1896 2
1898 1897 14
1899 1898 2
1899 974 3
1900 1899 2
1901 1900 2
1902 1901 3
1903 1902 2
1903 2209 3
1904 1903 2
1894 1883 14
1906 1904 2
1907 1906 14
1908 1907 2
1908 1010 3
1909 1908 2
1910 1909 2
1911 1910 3
1912 1911 2
1912 2215 3
1913 1912 2
1914 1913 2
1915 1914 14
1905 1894 2
1905 1150 3
1917 1915 2
1917 1046 3
1918 1917 2
1919 1918 2
1920 1919 3
1921 1920 2
1921 2221 3
1922 1921 2
1923 1922 2
1924 1923 14
1925 1924 2
1925 1116 3
1926 1925 2
1916 1905 2
1928 1926 2
1929 1928 6
1930 1929 2
1931 1930 2
1932 1931 2
1933 1932 14
1934 1933 2
1934 394 3
1935 1934 2
1936 1935 2
1937 1936 3
1927 1916 2
1939 1937 2
1939 2230 3
1940 1939 2
1941 1940 2
1942 1941 14
1943 1942 2
1943 324 3
1944 1943 2
1945 1944 2
1946 1945 3
1947 1946 2
1947 2236 3
1948 1947 2
1938 1927 3
1950 1948 2
1951 1950 14
1952 1951 2
1952 288 3
1953 1952 2
1954 1953 2
1955 1954 3
1956 1955 2
1956 2242 3
1957 1956 2
1958 1957 2
1959 1958 14
1949 1938 2
1949 2118 3
1961 1959 2
1961 252 3
1962 1961 2
1963 1962 2
1964 1963 3
1965 1964 2
1965 2248 3
1966 1965 2
1967 1966 2
1968 1967 14
1969 1968 2
1969 216 3
1970 1969 2
1960 1949 2
1860 2106 6
1973 1970 2
1974 1973 3
1975 1974 2
1975 2254 3
1976 1975 2
1977 1976 2
1978 1977 14
1979 1978 2
1979 180 3
1980 1979 2
1981 1980 2
1982 1981 3
1972 1960 2
1984 1982 2
1984 2261 3
1985 1984 2
1986 1985 2
1987 1986 14
1988 1987 2
1988 144 3
1989 1988 2
1990 1989 2
1991 1990 3
1992 1991 2
1992 2266 3
1993 1992 2
1983 1972 14
1995 1993 2
1996 1995 14
1997 1996 2
1997 108 3
1998 1997 2
1999 1998 2
2000 1999 3
2001 2000 2
2001 2273 3
2002 2001 2
2003 2002 2
2004 2003 14
1994 1983 2
1994 1186 3
2006 2004 2
2006 72 3
2007 2006 2
2008 2007 2
2009 2008 3
2010 2009 2
2010 2278 3
2011 2010 2
2012 2011 2
2013 2012 14
2014 2013 2
2014 36 3
2015 2014 2
2005 1994 2
2017 2015 2
2018 2017 3
2019 2018 2
2019 2285 3
2020 2019 2
2021 2020 2
2022 2021 14
2023 2022 2
2023 0 3
2024 2023 2
2025 2024 2
2026 2025 3
2016 2005 2
2028 2026 2
2028 2290 3
2029 2028 2
2030 2029 2
2031 2030 14
2032 2031 2
2032 680 3
2033 2032 2
2034 2033 2
2035 2034 3
2036 2035 2
2036 2297 3
2037 2036 2
2027 2016 3
2039 2037 2
2040 2039 14
2041 2040 2
2041 644 3
2042 2041 2
2043 2042 2
2044 2043 3
2045 2044 2
2045 2302 3
2046 2045 2
2047 2046 2
2048 2047 14
2038 2027 2
2038 2123 3
2050 2048 2
2050 608 3
2051 2050 2
2052 2051 2
2053 2052 3
2054 2053 2
2054 2310 3
2055 2054 2
2056 2055 2
2057 2056 14
2058 2057 2
2058 572 3
2059 2058 2
2049 2038 2
2061 2059 2
2062 2061 3
2063 2062 2
2063 2315 3
2064 2063 2
2065 2064 2
2066 2065 14
2067 2066 2
2067 536 3
2068 2067 2
2069 2068 2
2070 2069 3
2060 2049 2
2072 2070 2
2072 2322 3
2073 2072 2
2074 2073 2
2075 2074 14
2076 2075 2
2076 500 3
2077 2076 2
2078 2077 2
2079 2078 3
2080 2079 2
2080 2328 3
2081 2080 2
2071 2060 14
1971 1860 2
2084 2081 2
2085 2084 14
2086 2085 2
2086 464 3
2087 2086 2
2088 2087 2
2089 2088 3
2090 2089 2
2090 2334 3
2091 2090 2
2092 2091 2
2093 2092 14
2083 2071 2
2083 1222 3
2095 2093 2
2095 428 3
2096 2095 2
2097 2096 2
2098 2097 3
2099 2098 2
2099 2340 3
2100 2099 2
2101 2100 2
2102 2101 14
2103 2102 2
2103 360 3
2104 2103 2
2094 2083 2
2106 2104 2
2107 2343 2
2108 2107 2
2109 2108 14
2110 2109 2
2110 2397 3
2111 2110 3
2112 2111 2
2113 2112 11
2114 2113 3
2115 2114 8
2105 2094 2
2117 1916 3
2117 2115 2
2118 2117 3
2119 2118 2
2120 2119 11
2120 2346 2
2121 2120 11
2122 2005 3
2122 2121 2
2123 2122 3
2124 2123 2
2125 2124 11
2126 2125 3
2116 2105 3
2128 2126 8
2129 2094 3
2129 2128 2
2130 2129 3
2131 2130 2
2132 2131 11
2132 2351 2
2133 2132 11
2134 2133 2
2134 2182 3
2135 2134 3
2136 2135 2
2137 2136 11
2127 2116 2
2127 2130 3
2139 2137 3
2140 2139 8
2141 2140 2
2141 2271 3
2142 2141 3
2143 2142 2
2144 2143 11
2144 2355 2
2145 2144 11
2146 2145 2
2146 2360 3
2147 2146 3
2148 2147 2
2138 2127 2
2150 2148 11
2151 2150 3
2152 2151 8
2153 2152 2
2153 2390 3
2154 2153 3
2155 2154 2
2156 2155 11
2156 2359 2
2157 2156 11
2158 2157 2
2158 2399 3
2159 2158 3
2149 2138 2
2161 2159 2
2162 2161 11
2163 2162 3
2164 2163 8
2165 2164 2
2165 2407 3
2166 2165 3
2167 2166 2
2168 2167 11
2168 2364 2
2169 2168 11
2170 2169 2
2170 2416 3
2160 2149 14
2172 2170 3
2173 2172 2
2174 2173 11
2175 2174 3
2176 2175 8
2177 2176 2
2177 2425 3
2178 2177 3
2179 2178 2
2180 2179 11
2180 2368 2
2181 2180 11
2171 2160 2
2171 1258 3
2183 1865 3
2183 2181 2
2184 2183 3
2185 2184 2
2186 2185 11
2187 2186 3
2188 2187 8
2189 1874 3
2189 2188 2
2190 2189 3
2191 2190 2
2192 2191 11
2192 2373 2
2182 2171 2
2082 1971 2
2195 2192 11
2196 1882 3
2196 2195 2
2197 2196 3
2198 2197 2
2199 2198 11
2200 2199 3
2201 2200 8
2202 1891 3
2202 2201 2
2203 2202 3
2204 2203 2
2194 2182 2
2206 2204 11
2206 2377 2
2207 2206 11
2208 1900 3
2208 2207 2
2209 2208 3
2210 2209 2
2211 2210 11
2212 2211 3
2213 2212 8
2214 1909 3
2214 2213 2
2215 2214 3
2205 2194 3
2217 2215 2
2218 2217 11
2218 2381 2
2219 2218 11
2220 1918 3
2220 2219 2
2221 2220 3
2222 2221 2
2223 2222 14
2224 2223 2
2225 2224 2
2226 2225 2
2216 2135 3
2216 2205 2
2228 2226 14
2229 1935 3
2229 2228 2
2230 2229 3
2231 2230 2
2232 2231 11
2233 2232 3
2234 2233 8
2235 1944 3
2235 2234 2
2236 2235 3
2237 2236 2
2227 2216 2
2239 2237 11
2239 2379 2
2240 2239 11
2241 1953 3
2241 2240 2
2242 2241 3
2243 2242 2
2244 2243 11
2245 2244 3
2246 2245 8
2247 1962 3
2247 2246 2
2248 2247 3
2238 2227 2
2250 2248 2
2251 2250 11
2251 2375 2
2252 2251 11
2253 1970 3
2253 2252 2
2254 2253 3
2255 2254 2
2256 2255 11
2257 2256 3
2258 2257 8
2259 1980 3
2259 2258 2
2249 2238 14
2261 2259 3
2262 2261 2
2263 2262 11
2263 2370 2
2264 2263 11
2265 1989 3
2265 2264 2
2266 2265 3
2267 2266 2
2268 2267 11
2269 2268 3
2270 2269 8
2260 2249 2
2260 1294 3
2272 1998 3
2272 2270 2
2273 2272 3
2274 2273 2
2275 2274 11
2275 2366 2
2276 2275 11
2277 2007 3
2277 2276 2
2278 2277 3
2279 2278 2
2280 2279 11
2281 2280 3
2271 2260 2
2283 2281 8
2284 2015 3
2284 2283 2
2285 2284 3
2286 2285 2
2287 2286 11
2287 2362 2
2288 2287 11
2289 2024 3
2289 2288 2
2290 2289 3
2291 2290 2
2292 2291 11
2282 2271 2
2294 2292 3
2295 2294 8
2296 2033 3
2296 2295 2
2297 2296 3
2298 2297 2
2299 2298 11
2299 2357 2
2300 2299 11
2301 2042 3
2301 2300 2
2302 2301 3
2303 2302 2
2293 2282 3
2193 2082 2
2306 2303 11
2307 2306 3
2308 2307 8
2309 2051 3
2309 2308 2
2310 2309 3
2311 2310 2
2312 2311 11
2312 2353 2
2313 2312 11
2314 2059 3
2314 2313 2
2315 2314 3
2305 2142 3
2305 2293 2
2317 2315 2
2318 2317 11
2319 2318 3
2320 2319 8
2321 2068 3
2321 2320 2
2322 2321 3
2323 2322 2
2324 2323 11
2324 2348 2
2325 2324 11
2326 2077 3
2326 2325 2
2316 2305 2
2328 2326 3
2329 2328 2
2330 2329 11
2331 2330 3
2332 2331 8
2333 2087 3
2333 2332 2
2334 2333 3
2335 2334 2
2336 2335 11
2336 2344 2
2337 2336 11
2327 2316 2
2339 2096 3
2339 2337 2
2340 2339 3
2341 2340 2
2342 2341 14
2343 2342 2
2344 2345 2
2345 2113 2
2346 2347 2
2347 2330 2
2348 2350 2
2338 2327 14
2350 2125 2
2351 2352 2
2352 2318 2
2353 2354 2
2354 2137 2
2355 2356 2
2356 2306 2
2357 2358 2
2358 2150 2
2359 2361 2
2349 2338 2
2349 1330 3
2361 2292 2
2362 2363 2
2363 2162 2
2364 2365 2
2365 2280 2
2366 2367 2
2367 2174 2
2368 2369 2
2369 2268 2
2370 2372 2
2360 2349 2
2372 2186 2
2373 2374 2
2374 2256 2
2375 2376 2
2376 2199 2
2377 2378 2
2378 2244 2
2379 2380 2
2380 2211 2
2381 2383 2
2371 2360 2
2383 2232 2
2382 2371 3
2384 2147 3
2384 2382 2
2385 2384 2
2304 2193 14
2387 2385 2
2388 2387 14
2389 2388 2
2389 1366 3
2390 2389 2
2391 2390 2
2392 2391 3
2393 2154 3
2393 2392 2
2394 2393 2
2395 2394 2
2396 2395 14
2386 2304 2
2386 1082 3
2398 2396 2
2398 1402 3
2399 2398 2
2400 2399 2
2401 2400 3
2402 2159 3
2402 2401 2
2403 2402 2
2404 2403 2
2405 2404 14
2406 2405 2
2406 722 3
2407 2406 2
2397 2386 2
2409 2407 2
2410 2409 3
2411 2166 3
2411 2410 2
2412 2411 2
2413 2412 2
2414 2413 14
2415 2414 2
2415 758 3
2416 2415 2
2417 2416 2
2418 2417 3
2408 2397 2
2420 2172 3
2420 2418 2
2421 2420 2
2422 2421 2
2423 2422 14
2424 2423 2
2424 794 3
2425 2424 2
2426 2425 2
2427 2426 3
2428 2178 3
2428 2427 2
2429 2428 2
2419 2408 3
2432 2857 3
2433 2848 2
2434 2432 2
2434 2633 3
2435 2434 23
2436 2435 2
2437 2436 3
2438 2437 2
2438 2638 3
2439 2438 23
2440 2439 2
2441 2440 3
2431 2847 2
2443 2441 2
2443 2643 3
2444 2443 23
2445 2430 2
2446 2433 2
2447 2444 2
2448 2447 3
2449 2448 2
2449 2649 3
2450 2449 23
2451 2450 2
2452 2451 3
2442 2431 2
2454 2452 2
2454 2655 3
2455 2454 23
2456 2455 2
2457 2456 3
2458 2446 14
2459 2457 2
2459 2660 3
2460 2459 23
2461 2460 2
2462 2461 3
2463 2462 2
2463 2665 3
2453 2442 14
2465 2463 23
2466 2465 2
2467 2466 3
2468 2467 2
2468 2670 3
2469 2468 23
2470 2458 2
2470 470 3
2471 2469 2
2472 2471 3
2473 2472 2
2473 2674 3
2474 2473 23
2464 2541 2
2476 2474 2
2477 2476 3
2478 2477 2
2478 2680 3
2479 2478 23
2480 2479 2
2481 2480 3
2482 2470 2
2483 2481 2
2483 2685 3
2484 2483 23
2485 2484 2
2475 2453 2
2475 150 3
2487 2485 3
2488 2487 2
2488 2690 3
2489 2488 23
2490 2489 2
2491 2490 3
2492 2491 2
2492 2695 3
2493 2766 2
2494 2482 2
2495 2493 2
2496 2699 2
2486 2475 2
2498 2496 2
2499 2498 14
2500 2499 2
2500 2728 3
2501 2500 3
2502 2501 2
2503 2502 23
2504 2494 3
2505 2503 2
2505 2811 3
2506 2505 3
2507 2506 2
2497 2486 2
2509 2507 23
2510 2482 3
2510 2509 2
2511 2510 3
2512 2511 2
2513 2504 2
2513 2511 3
2514 2512 23
2515 2514 2
2515 2561 3
2516 2515 3
2517 2516 2
2518 2517 23
2508 2497 3
2520 2518 2
2520 2636 3
2521 2520 3
2522 2521 2
2523 2513 2
2524 2522 23
2525 2524 2
2525 2701 3
2526 2525 3
2527 2526 2
2528 2527 23
2529 2528 2
2529 2711 3
2519 2508 2
2519 2568 3
2531 2529 3
2532 2531 2
2533 2523 2
2534 2532 23
2535 2534 2
2535 2721 3
2536 2535 3
2537 2536 2
2538 2537 23
2539 2538 2
2539 2731 3
2540 2539 3
2530 2519 2
2430 2495 6
2543 2533 14
2544 2540 2
2545 2544 23
2546 2545 2
2546 2739 3
2547 2546 3
2548 2547 2
2549 2548 23
2550 2549 2
2550 2749 3
2551 2445 2
2552 2543 2
2552 506 3
2542 2530 2
2554 2550 3
2555 2554 2
2556 2555 23
2557 2556 2
2557 2759 3
2558 2557 3
2559 2558 2
2560 2559 23
2561 2552 2
2562 2560 2
2562 2814 3
2563 2562 3
2553 2542 14
2565 2563 2
2566 2565 23
2567 2486 3
2567 2566 2
2568 2567 3
2569 2568 2
2570 2561 2
2571 2569 23
2572 2571 2
2572 2575 3
2573 2572 3
2574 2573 2
2564 2553 2
2564 186 3
2576 2574 23
2577 2576 2
2577 2675 3
2578 2577 3
2579 2578 2
2580 2570 3
2581 2579 23
2582 2581 2
2582 2775 3
2583 2582 3
2584 2583 2
2585 2584 23
2575 2564 2
2587 2585 2
2587 2804 3
2588 2587 3
2589 2516 3
2589 2580 2
2590 2588 2
2591 2590 23
2592 2591 2
2592 2813 3
2593 2592 3
2594 2593 2
2595 2594 14
2596 2595 2
2586 2464 2
2598 2596 2
2599 2598 2
2600 2589 2
2601 2599 14
2602 2601 2
2602 2828 3
2603 2602 3
2604 2603 2
2605 2604 23
2606 2605 2
2606 2832 3
2607 2606 3
2597 2575 2
2609 2607 2
2610 2600 2
2611 2609 23
2612 2611 2
2612 2838 3
2613 2612 3
2614 2613 2
2615 2614 23
2616 2615 2
2616 2842 3
2617 2616 3
2618 2610 14
2608 2597 3
2620 2617 2
2621 2620 23
2622 2621 2
2622 2846 3
2623 2622 3
2624 2623 2
2625 2624 23
2626 2625 2
2626 2852 3
2627 2618 2
2627 542 3
2628 2626 3
2629 2628 2
2619 2573 3
2619 2608 2
2631 2629 23
2632 2631 2
2632 2856 3
2633 2632 3
2634 2633 2
2635 2634 23
2636 2627 2
2637 2435 3
2637 2635 2
2638 2637 3
2639 2638 2
2640 2639 23
2630 2619 2
2642 2439 3
2642 2640 2
2643 2642 3
2644 2643 2
2645 2551 2
2646 2636 2
2647 2644 23
2648 2444 3
2648 2647 2
2649 2648 3
2650 2649 2
2651 2650 23
2641 2630 2
2541 2501 3
2541 2753 2
2654 2450 3
2654 2651 2
2655 2654 3
2656 2655 2
2657 2646 3
2658 2656 23
2659 2455 3
2659 2658 2
2660 2659 3
2661 2660 2
2662 2661 23
2663 2460 3
2663 2662 2
2653 2641 14
2665 2663 3
2666 2665 2
2667 2521 3
2667 2657 2
2668 2666 23
2669 2465 3
2669 2668 2
2670 2669 3
2671 2670 2
2672 2671 23
2673 2469 3
2673 2672 2
2674 2673 3
2664 2653 2
2664 222 3
2676 2667 2
2677 2674 2
2678 2677 23
2679 2474 3
2679 2678 2
2680 2679 3
2681 2680 2
2682 2681 23
2683 2479 3
2683 2682 2
2684 2676 2
2685 2683 3
2675 2664 2
2687 2685 2
2688 2687 23
2689 2484 3
2689 2688 2
2690 2689 3
2691 2690 2
2692 2691 23
2693 2684 14
2694 2489 3
2694 2692 2
2695 2694 3
2696 2695 2
2686 2675 2
2698 2696 14
2699 2698 2
2700 2693 2
2700 578 3
2701 2700 2
2702 2701 2
2703 2702 3
2704 2645 14
2705 2526 3
2705 2703 2
2706 2705 2
2707 2706 2
2697 2686 3
2709 2707 14
2710 2709 2
2710 614 3
2711 2710 2
2712 2711 2
2713 2712 3
2714 2531 3
2714 2713 2
2715 2714 2
2716 2704 2
2716 366 3
2717 2715 2
2718 2717 14
2708 2586 14
2720 2718 2
2720 650 3
2721 2720 2
2722 2721 2
2723 2722 3
2724 2536 3
2724 2723 2
2725 2724 2
2726 2725 2
2727 2726 14
2728 2716 2
2729 2727 2
2729 686 3
2719 2578 3
2719 2697 2
2731 2729 2
2732 2731 2
2733 2732 3
2734 2540 3
2734 2733 2
2735 2734 2
2736 2735 2
2737 2736 14
2738 2737 2
2738 6 3
2739 2738 2
2740 2728 2
2730 2719 2
2742 2739 2
2743 2742 3
2744 2547 3
2744 2743 2
2745 2744 2
2746 2745 2
2747 2746 14
2748 2747 2
2748 42 3
2749 2748 2
2750 2749 2
2751 2750 3
2741 2730 2
2753 2740 3
2754 2554 3
2754 2751 2
2755 2754 2
2756 2755 2
2757 2756 14
2758 2757 2
2758 78 3
2759 2758 2
2760 2759 2
2761 2760 3
2762 2558 3
2762 2761 2
2752 2741 14
2652 2765 2
2765 2762 2
2766 2767 3
2766 2779 2
2767 2768 3
2768 2769 3
2769 2770 5
2770 2771 3
2771 2772 18
2772 2773 3
2773 2774 5
2774 2776 3
2764 2752 2
2764 258 3
2776 2777 3
2777 2778 3
2778 2492 2
2779 2780 13
2780 2778 2
2781 2782 3
2781 2794 2
2782 2783 3
2783 2784 3
2784 2785 5
2785 2787 3
2775 2764 2
2787 2788 18
2788 2789 3
2789 2790 5
2790 2791 3
2791 2792 3
2792 2793 3
2793 2827 2
2794 2795 13
2795 2793 2
2786 2775 2
2796 2786 3
2797 2583 3
2797 2796 2
2798 2797 2
2799 2708 2
2799 434 3
2800 2798 2
2801 2800 14
2802 2801 2
2802 294 3
2763 2652 14
2804 2802 2
2805 2804 2
2806 2805 3
2807 2588 3
2807 2806 2
2808 2807 2
2809 2808 2
2810 2809 14
2811 2799 2
2812 2810 2
2812 330 3
2813 2812 2
2803 2763 2
2803 114 3
2815 2813 2
2816 2815 3
2817 2593 3
2817 2816 2
2818 2817 2
2819 2818 2
2820 2819 14
2821 2820 2
2821 400 3
2822 2821 2
2823 2811 2
2824 2822 2
2814 2803 2
2826 2824 6
2827 2826 2
2828 2781 2
2829 2828 2
2830 2829 3
2831 2603 3
2831 2830 2
2832 2831 23
2833 2832 2
2834 2833 3
2835 2823 3
2825 2814 2
2837 2607 3
2837 2834 2
2838 2837 23
2839 2838 2
2840 2839 3
2841 2613 3
2841 2840 2
2842 2841 23
2843 2842 2
2844 2843 3
2845 2617 3
2845 2844 2
2846 2845 23
2836 2825 3
2848 2506 3
2848 2835 2
2849 2846 2
2850 2849 3
2851 2623 3
2851 2850 2
2852 2851 23
2853 2852 2
2854 2853 3
2855 2628 3
2855 2854 2
2856 2855 23
2857 2856 2
2847 2563 3
2847 2836 2
